user_id,movie_id,rating,rating_squared
52,45,3.042989210310263,9.259783334064677
93,41,2.669644012595116,7.1269991539849515
15,29,1.888431241882921,3.566172555319471
72,15,1.4794614693347312,2.1888062392460816
61,45,2.350460685614512,5.524665434619441
21,1,4.771638815650077,22.768536987018464
83,25,2.292811728083021,5.2569856204350485
87,7,3.0751624869734644,9.456624321288823
75,9,3.812075835580712,14.531922176218382
75,24,2.454518409517176,6.024660622658727
88,1,4.887128330883843,23.884023322527494
24,44,4.849789179768445,23.520455088199085
3,8,2.0071291833014566,4.028567558460372
22,24,2.988994023569542,8.934085272934439
53,11,2.203513239267078,4.855470595625292
2,17,2.1393619775098704,4.5768696708149434
88,8,1.1475477894181312,1.3168659289984395
30,35,3.438257335919588,11.82161350800486
38,35,3.010716092915446,9.064411392140048
2,33,1.2059150049999574,1.4542309992840472
64,5,2.1145858569464457,4.471473346397934
60,42,4.633063543866615,21.465277801505877
21,39,1.9582475626678897,3.8347335166947305
33,41,1.5795794883648924,2.495071360063095
76,28,2.957811041110252,8.748646154913713
58,7,4.942601816442403,24.429312715899744
22,9,1.9682210860460017,3.8738942435561023
89,8,3.688542189623514,13.605343484632629
49,12,4.04647846131487,16.37398793788516
91,34,1.950550175969599,3.8046459889750333
59,33,3.9128653944474383,15.310515595064308
42,48,2.471132530877013,6.106495985158631
92,23,3.529223322374318,12.455417259190819
60,24,3.534118843043579,12.489995996755685
80,37,3.143098736299034,9.879069666124584
15,35,1.3611590802176332,1.8527540416589132
62,44,4.341209982356952,18.84610411091565
62,40,2.283120259886944,5.212638121106226
47,22,1.746074041599417,3.0487745587473225
62,27,1.1631005662190557,1.3528029271390878
51,35,3.363571772752968,11.313615070460544
55,1,3.7102574473691297,13.76601032575809
64,35,1.0663513157114246,1.1371051285194864
3,37,3.048372233197124,9.292573272127221
51,47,1.905983100791752,3.632771580503742
7,14,3.5806911616377994,12.821349195031054
21,3,1.6974657160199658,2.881389857063175
73,1,3.763750952409864,14.165821231766158
39,5,2.5469413852021496,6.486910419655445
18,26,4.746919954946938,22.533249058673437
4,14,1.550083776583973,2.402759714428832
89,39,2.364265404201034,5.589750901501879
60,27,1.4538940849623565,2.113808010288528
14,9,4.698774473114251,22.07848154919011
9,15,4.509357413523924,20.334304282903176
90,15,2.0317665108606224,4.128075154654748
53,26,3.639936184136716,13.249135424587758
2,42,4.268888800804863,18.22341159363718
84,13,3.2208032463978493,10.373573552006926
92,32,3.118602313424026,9.725680389293686
60,39,1.9674091636018067,3.8706988170243606
71,49,1.3724110712235968,1.8835121484171007
44,32,4.588863031813308,21.05766392474283
8,4,4.601672228653322,21.17538729995923
47,30,3.532405829093072,12.477890941410715
35,37,2.3561191641948027,5.551297515886016
78,23,2.396838298450644,5.744833828919778
81,39,3.9038227154809575,15.239831793905116
36,45,4.588441039810308,21.053791175815505
50,15,4.548345697060469,20.687448579968486
4,43,4.119502183430496,16.970298239288628
2,29,3.568126584617151,12.731527323851655
6,36,1.336559859980195,1.7863922593102788
54,13,1.646514856378455,2.7110111722749646
4,32,4.5942167541083165,21.106827583729554
54,7,3.42571623863836,11.735531747670555
93,22,1.0367882064665186,1.0749297850680604
63,28,1.4058861714641284,1.9765159271140647
18,2,3.6540070764322232,13.351767714616763
90,42,1.0202463353848747,1.0409025848662663
44,45,1.6432322056699946,2.7002120817510753
34,6,3.1949351574663445,10.207610660414495
74,28,3.767580790770773,14.194665014984924
62,28,3.607845038010402,13.01654581829628
14,44,1.8970772378422391,3.5989020463391395
95,44,3.848716885390144,14.81262166388721
48,20,1.9489963499872005,3.7985867722634303
15,30,2.301598792637071,5.297357002268423
72,11,3.985965620472097,15.88792192758551
78,28,3.5985315961888587,12.949429648769534
87,25,4.396893641976712,19.332673698855235
62,39,3.6304515692013735,13.180178596316715
40,33,3.2732344133418865,10.714063524685603
85,1,1.37469907131237,1.8897975366670923
80,27,2.470863212237734,6.105165013589774
82,13,2.060809470726902,4.246935674637693
53,41,1.9759585735163343,3.904412284252707
24,3,4.892042219009783,23.93207707257416
26,39,2.5723908986670416,6.61719493554503
89,6,4.568186220708453,20.86832534707058
